Périmètre	Nature	Date	Heures	Consommation	Prévision J-1	Prévision J	Fioul	Charbon	Gaz	Nucléaire	Eolien	Solaire	Hydraulique	Pompage	Bioénergies	Ech. physiques	Taux de Co2	Ech. comm. Angleterre	Ech. comm. Espagne	Ech. comm. Italie	Ech. comm. Suisse	Ech. comm. Allemagne-Belgique	Fioul - TAC	Fioul - Cogén.	Fioul - Autres	Gaz - TAC	Gaz - Cogén.	Gaz - CCG	Gaz - Autres	Hydraulique - Fil de l?eau + éclusée	Hydraulique - Lacs	Hydraulique - STEP turbinage	Bioénergies - Déchets	Bioénergies - Biomasse	Bioénergies - Biogaz	Consommation corrigée
France	Données temps réel	22/11/2021	00:00	58372	59200	58500	203	30	7163	42659	5827	0	1973	-1858	847	1528	65	642	-2673	-1564	-2744	6794	0	25	178	0	2330	4834	1	2051	0	5	233	341	275	ND
France	Données temps réel	22/11/2021	00:15	58556	58550	57700	204	30	7396	42595	6084	0	2837	-1854	850	414	65						1	25	178	0	2328	5069	1	2145	281	411	231	341	275	ND
France	Données temps réel	22/11/2021	00:30	56688	57900	56900	204	32	7141	42341	6131	0	2252	-1926	854	-341	64	642	-2673	-1564	-2744	6794	1	25	178	0	2330	4812	1	2142	0	372	236	341	275	ND
France	Données temps réel	22/11/2021	00:45	55569	56950	56150	205	32	6674	42230	6241	0	2060	-2499	850	-224	62						2	25	178	0	2325	4350	1	2167	0	190	235	339	275	ND
France	Données temps réel	22/11/2021	01:00	55190	56000	55400	204	33	6417	42093	6224	0	1982	-2509	848	-102	61	67	-2816	-1383	-2570	6239	1	25	178	0	2332	4085	1	2126	0	178	238	335	275	ND
France	Données temps réel	22/11/2021	01:15	55587	56300	55450	204	32	6779	42541	6256	0	1965	-2463	847	-574	62						1	25	178	0	2331	4449	1	2102	0	212	236	336	275	ND
France	Données temps réel	22/11/2021	01:30	54799	56600	55500	204	32	6609	42302	6279	0	1894	-2489	857	-889	62	67	-2816	-1383	-2570	6246	1	25	178	0	2331	4279	1	2092	0	196	239	345	275	ND
France	Données temps réel	22/11/2021	01:45	55320	56400	55650	203	32	6607	42303	6385	0	1653	-2484	853	-232	62						0	25	178	0	2331	4276	1	2025	0	3	239	347	275	ND
France	Données temps réel	22/11/2021	02:00	54755	56200	55800	205	33	6624	42509	6276	0	1668	-2474	863	-949	62	196	-2913	-1158	-3167	5498	2	25	178	0	2330	4294	1	2031	0	3	236	350	275	ND
France	Données temps réel	22/11/2021	02:15	55180	55550	55150	203	33	7108	42703	6520	0	1641	-2582	857	-1303	65						0	25	178	0	2340	4768	1	2015	0	3	237	350	275	ND
France	Données temps réel	22/11/2021	02:30	54298	54900	54500	204	32	6813	42346	6692	0	1580	-2735	863	-1497	63	196	-2913	-1158	-3167	5497	1	25	178	0	2343	4470	1	2004	0	3	239	350	275	ND
France	Données temps réel	22/11/2021	02:45	53282	54200	53750	204	32	6685	42309	6777	0	1592	-2984	851	-2184	63						1	25	178	0	2341	4345	1	1995	0	3	231	348	275	ND
France	Données temps réel	22/11/2021	03:00	52787	53500	53000	204	33	6421	42084	6902	0	1614	-2993	859	-2337	61	-583	-2913	-2675	-3042	5793	1	25	178	0	2340	4082	1	1995	0	3	235	349	275	ND
France	Données temps réel	22/11/2021	03:15	52636	53150	52600	204	32	6688	42690	7024	0	1650	-3296	862	-3218	62						1	25	178	0	2340	4349	1	2004	0	3	237	350	275	ND
France	Données temps réel	22/11/2021	03:30	52060	52800	52200	204	31	6492	42417	7188	0	1659	-3295	866	-3502	61	-583	-2913	-2675	-3042	5810	1	25	178	0	2343	4149	1	1998	0	3	241	352	275	ND
France	Données temps réel	22/11/2021	03:45	51772	52550	52000	204	33	6176	42426	7330	0	1677	-3292	835	-3617	59						1	25	178	0	2342	3835	1	2006	0	3	211	352	275	ND
France	Données temps réel	22/11/2021	04:00	51618	52300	51800	201	31	6095	42350	7289	0	1663	-3287	845	-3569	58	-287	-2900	-2787	-3200	6362	0	25	177	0	2346	3749	1	1960	0	3	222	351	275	ND
France	Données temps réel	22/11/2021	04:15	51800	52400	51850	203	30	5807	42356	7410	0	1503	-3202	863	-3170	56						0	25	178	0	2345	3462	1	1829	0	3	240	351	275	ND
France	Données temps réel	22/11/2021	04:30	51571	52500	51900	201	31	5358	42537	7481	0	1498	-3191	848	-3192	53	-287	-2900	-2787	-3200	6310	0	25	177	0	2323	3036	1	1813	0	3	216	350	275	ND
France	Données temps réel	22/11/2021	04:45	52196	53100	52550	202	30	5725	42664	7666	0	1492	-3182	868	-3269	55						0	25	178	0	2323	3403	1	1778	0	3	240	353	275	ND
France	Données temps réel	22/11/2021	05:00	52833	53700	53200	201	30	5702	42641	7765	0	1435	-3179	865	-2627	55	1075	-2900	-3352	-2832	7190	0	25	178	0	2323	3379	1	1752	0	3	239	350	275	ND
France	Données temps réel	22/11/2021	05:15	54590	54750	54350	201	31	5551	42608	7904	0	1420	-3069	865	-921	54						0	25	177	0	2321	3230	1	1716	0	3	242	350	275	ND
France	Données temps réel	22/11/2021	05:30	55351	55800	55500	203	30	5785	42771	8038	0	1441	-2896	865	-886	55	1075	-2900	-3352	-2832	7163	0	25	178	0	2324	3461	1	1750	0	3	238	350	275	ND
France	Données temps réel	22/11/2021	05:45	56256	57150	56500	202	31	5855	42782	8141	0	1539	-2433	861	-722	55						0	25	178	0	2328	3528	1	1751	0	3	234	347	275	ND
France	Données temps réel	22/11/2021	06:00	57350	58500	57500	200	31	5966	42596	8279	0	1739	-2275	853	-39	55	1283	626	-3165	-3168	6235	0	25	177	0	2369	3597	1	1758	0	4	236	352	275	ND
France	Données temps réel	22/11/2021	06:15	59889	60400	59750	203	30	6194	42492	8442	0	2455	-2015	852	1236	56						0	25	178	0	2376	3819	1	1854	596	5	231	350	275	ND
France	Données temps réel	22/11/2021	06:30	61575	62300	62000	204	73	7010	42362	8575	0	3230	-2015	853	1283	61	1283	626	-3165	-3168	6020	1	25	178	0	2393	4617	1	1906	1274	50	231	350	275	ND
France	Données temps réel	22/11/2021	06:45	62981	64200	63600	204	143	7141	42609	8632	0	3917	-1598	865	1068	61						1	25	178	0	2400	4741	1	2072	1628	217	236	350	275	ND
France	Données temps réel	22/11/2021	07:00	64769	66100	65200	203	177	7373	42628	8646	0	3605	-1441	860	2718	63	1514	2200	-2674	-2227	5205	0	25	178	0	2442	4931	1	2044	1146	415	236	350	275	ND
France	Données temps réel	22/11/2021	07:15	66355	67650	66450	204	236	7279	42566	9002	0	3925	-1114	865	3392	62						2	25	177	0	2492	4788	1	2136	1454	335	234	353	275	ND
France	Données temps réel	22/11/2021	07:30	67705	69200	67700	204	263	7281	42709	9015	179	4186	-471	853	3486	62	1514	2200	-2674	-2227	5205	2	25	177	0	2493	4789	1	2198	1486	502	227	347	275	ND
France	Données temps réel	22/11/2021	07:45	68357	69800	68600	205	323	7278	42790	9205	193	4403	-474	871	3563	62						2	25	178	0	2488	4791	1	2261	1572	570	234	352	275	ND
France	Données temps réel	22/11/2021	08:00	69069	70400	69500	203	424	7208	42671	9287	192	4677	-475	846	4036	63	1513	2148	-2755	-3089	5901	1	25	177	0	2489	4720	1	2262	1513	902	230	351	275	ND
France	Données temps réel	22/11/2021	08:15	69298	70650	69550	203	533	7310	42826	9455	239	4788	-315	858	3401	64						1	25	177	0	2486	4825	1	2471	1512	805	233	356	275	ND
France	Données temps réel	22/11/2021	08:30	69588	70900	69600	203	609	7277	42770	9352	311	4706	0	857	3503	65	1513	2148	-2755	-3089	5897	1	25	177	0	2490	4787	1	2480	1434	792	234	350	275	ND
France	Données temps réel	22/11/2021	08:45	70221	71100	70200	204	603	7440	42881	9370	406	4802	-26	869	3672	66						2	25	177	0	2489	4952	1	2489	1599	714	237	355	275	ND
France	Données temps réel	22/11/2021	09:00	70584	71300	70800	205	603	7419	42894	9403	506	5297	-47	856	3448	65	1514	2100	-2914	-2832	5120	2	25	178	0	2488	4931	1	2537	1650	1110	225	354	275	ND
France	Données temps réel	22/11/2021	09:15	70512	71400	70800	202	600	7398	42829	9240	797	5820	-53	856	2823	64						0	25	177	0	2492	4906	1	2644	2031	1145	231	355	275	ND
France	Données temps réel	22/11/2021	09:30	70563	71500	70800	203	602	7330	42775	9231	999	5820	-57	854	2806	64	1514	2100	-2914	-2832	5120	1	25	177	0	2487	4844	1	2646	2206	968	228	354	275	ND
France	Données temps réel	22/11/2021	09:45	70591	71450	70450	204	603	7274	42733	9316	1184	5632	-57	855	2847	63						1	25	178	0	2442	4832	1	2569	2163	900	228	355	275	ND
France	Données temps réel	22/11/2021	10:00	70382	71400	70100	202	611	7162	42757	9408	1405	5418	-55	859	2615	63	1385	2100	-2433	-2509	4197	0	25	177	0	2442	4720	1	2571	2100	747	226	359	275	ND
France	Données temps réel	22/11/2021	10:15	69712	71300	69900	205	614	7218	42876	9315	1635	4564	-55	858	2482	64						2	25	178	0	2483	4735	1	2450	1634	480	231	351	275	ND
France	Données temps réel	22/11/2021	10:30	69742	71200	69700	203	618	7231	42876	9260	1888	4511	-57	854	2358	64	1385	2100	-2433	-2509	4197	0	25	178	0	2481	4750	1	2412	1624	475	226	355	275	ND
France	Données temps réel	22/11/2021	10:45	69653	71200	69600	204	619	7114	42877	9348	2071	4197	0	851	2372	63						1	25	178	0	2480	4634	1	2310	1599	288	224	354	275	ND
France	Données temps réel	22/11/2021	11:00	69470	71200	69500	204	622	7057	42876	9387	2327	4160	0	849	1988	63	1514	2100	-2965	-2793	4582	2	25	177	0	2479	4578	1	2301	1592	267	223	353	275	ND
France	Données temps réel	22/11/2021	11:15	69599	71200	69650	204	621	7113	42905	9654	2432	3911	0	846	1913	63						1	25	178	0	2471	4642	1	2210	1414	287	217	356	275	ND
France	Données temps réel	22/11/2021	11:30	69754	71200	69800	204	621	7112	42939	9478	2561	3945	0	876	2018	63	1514	2100	-2965	-2793	4582	1	25	178	0	2471	4641	1	2214	1445	286	216	386	275	ND
France	Données temps réel	22/11/2021	11:45	69810	71450	70150	202	620	7046	42962	9591	2731	3924	0	863	1871	62						0	25	177	0	2471	4575	1	2230	1410	284	214	378	275	ND
France	Données temps réel	22/11/2021	12:00	69999	71700	70500	204	616	7121	42980	9557	2760	3989	0	848	1924	62	1514	2100	-2827	-3100	4502	1	25	178	0	2473	4649	1	2272	1349	368	218	358	275	ND
France	Données temps réel	22/11/2021	12:15	70264	71200	70200	204	617	7077	43047	9566	2921	4231	0	852	1749	62						1	25	178	0	2433	4644	1	2228	1285	718	212	366	275	ND
France	Données temps réel	22/11/2021	12:30	69931	70700	69900	204	615	7030	43022	9531	2927	4249	0	853	1500	61	1514	2100	-2827	-3100	4502	1	25	178	0	2424	4606	1	2231	1282	736	224	355	275	ND
France	Données temps réel	22/11/2021	12:45	70449	71450	70350	205	615	7100	43009	9576	2937	4452	0	854	1701	62						2	25	178	0	2427	4674	1	2370	1292	790	220	358	275	ND
France	Données temps réel	22/11/2021	13:00	69970	72200	70800	205	614	6990	42968	9710	3057	4346	0	858	1222	61	1504	1528	-2604	-3088	3798	2	25	178	0	2423	4567	1	2377	1276	693	221	361	275	ND
France	Données temps réel	22/11/2021	13:15	69438	71150	70000	204	615	7081	42972	9634	3003	4488	0	848	593	61						1	25	178	0	2421	4660	1	2335	1373	780	216	359	275	ND
France	Données temps réel	22/11/2021	13:30	69033	70100	69200	205	612	7040	42985	9697	3041	4538	0	861	54	61	1504	1528	-2604	-3088	3798	2	25	178	0	2420	4620	1	2348	1412	778	222	363	275	ND
France	Données temps réel	22/11/2021	13:45	68744	69750	68850	204	613	7067	42982	9654	3030	3954	0	854	386	62						1	25	178	0	2419	4648	1	2313	1286	355	220	361	275	ND
France	Données temps réel	22/11/2021	14:00	68486	69400	68500	204	614	6963	42965	9735	2962	3875	0	857	311	61	1474	1408	-2611	-3116	3016	1	25	178	0	2419	4544	1	2278	1273	324	223	362	275	ND
France	Données temps réel	22/11/2021	14:15	68528	69150	68000	204	615	7179	43023	9758	2845	3991	-338	853	398	63						1	25	178	0	2418	4761	1	2277	1314	400	217	364	275	ND
France	Données temps réel	22/11/2021	14:30	67370	68900	67500	205	613	7076	43049	9626	2710	3777	-338	856	-204	63	1474	1408	-2611	-3116	3016	2	25	178	0	2416	4661	1	2254	1148	375	217	361	275	ND
France	Données temps réel	22/11/2021	14:45	66793	67950	67150	205	612	7107	43042	9575	2552	3896	-542	861	-515	63						2	25	178	0	2412	4695	1	2331	1188	377	219	360	275	ND
France	Données temps réel	22/11/2021	15:00	66924	67000	66800	204	613	7203	43017	9613	2414	4049	-544	846	-491	63	1514	1981	-2922	-3200	776	1	25	178	0	2461	4742	1	2320	1324	405	216	361	275	ND
France	Données temps réel	22/11/2021	15:15	66649	66650	66250	205	611	7451	43086	9607	2094	4322	-206	851	-1372	64						2	25	178	0	2460	4991	1	2402	1417	503	218	361	275	ND
France	Données temps réel	22/11/2021	15:30	66004	66300	65700	205	611	7481	43111	9591	1920	4378	-206	855	-1942	65	1514	1981	-2922	-3200	504	2	25	178	0	2462	5019	1	2395	1431	552	220	359	275	ND
France	Données temps réel	22/11/2021	15:45	65714	66100	65650	205	618	7531	43115	9551	1586	4724	-206	860	-2270	65						2	25	178	0	2461	5071	1	2526	1423	775	223	357	275	ND
France	Données temps réel	22/11/2021	16:00	66005	65900	65600	205	609	7519	43146	9640	1271	4816	-195	849	-1855	65	965	2100	-2922	-3103	812	2	25	178	0	2458	5062	1	2538	1369	909	222	356	275	ND
France	Données temps réel	22/11/2021	16:15	65709	65900	65550	204	613	7458	43129	9472	1019	5226	-195	862	-2079	65						1	25	178	0	2465	4993	1	2546	1620	1060	221	362	275	ND
France	Données temps réel	22/11/2021	16:30	66026	65900	65500	205	598	7373	43117	9638	746	5663	0	852	-2166	64	965	2100	-2922	-3103	691	2	25	178	0	2466	4908	1	2481	1611	1571	221	360	275	ND
France	Données temps réel	22/11/2021	16:45	66125	66500	66100	205	618	7539	43096	9366	534	6321	0	858	-2412	65						2	25	178	0	2467	5072	1	2627	1757	1937	218	360	275	ND
France	Données temps réel	22/11/2021	17:00	66681	67100	66700	308	617	7518	43097	9396	346	6486	0	848	-1935	66	-1466	2000	-2922	-1379	3278	105	25	178	0	2465	5053	1	2640	2180	1666	214	359	275	ND
France	Données temps réel	22/11/2021	17:15	68365	68300	68000	405	559	7484	42956	9374	298	6931	0	843	-485	65						202	25	178	0	2508	4976	1	2914	2208	1809	212	358	275	ND
France	Données temps réel	22/11/2021	17:30	69370	69500	69300	404	592	7601	43026	9336	265	7655	0	848	-357	66	-1466	2000	-2922	-1379	3275	201	25	178	0	2509	5092	1	2996	2482	2177	215	361	275	ND
France	Données temps réel	22/11/2021	17:45	70597	70500	70400	403	597	7629	43028	9386	257	8166	0	847	284	65						200	25	178	0	2516	5114	1	3045	2665	2456	222	359	275	ND
France	Données temps réel	22/11/2021	18:00	71898	71500	71500	403	600	7633	43045	9384	238	8127	0	851	1617	65	-1512	1900	-2539	-1086	6643	200	25	178	0	2520	5114	1	3005	2622	2500	225	358	275	ND
France	Données temps réel	22/11/2021	18:15	72356	72250	72200	401	546	7632	42934	9499	237	7495	0	847	2765	65						199	25	177	0	2524	5108	1	3125	2458	1912	224	355	275	ND
France	Données temps réel	22/11/2021	18:30	73431	73000	72900	403	612	7613	43164	9607	0	8126	0	844	3062	65	-1512	1900	-2539	-1086	6732	200	25	178	0	2537	5076	1	3172	3306	1648	223	354	275	ND
France	Données temps réel	22/11/2021	18:45	74163	73800	73700	403	618	7695	43202	9665	0	8830	-1	857	2894	65						200	25	178	0	2566	5129	1	3234	3767	1829	225	356	275	ND
France	Données temps réel	22/11/2021	19:00	74880	74600	74500	402	619	7692	43190	9611	0	9031	0	852	3483	65	-584	1900	-1104	-1193	4820	199	25	178	0	2566	5126	1	3269	3783	1979	222	361	275	ND
France	Données temps réel	22/11/2021	19:15	74324	73950	73850	405	616	7674	43214	9628	0	8404	-1	850	3534	65						202	25	178	0	2573	5102	1	3147	3493	1764	220	356	275	ND
France	Données temps réel	22/11/2021	19:30	73499	73300	73200	403	620	7689	43191	9589	0	7793	0	839	3375	66	-584	1900	-1104	-1193	4820	200	25	178	0	2571	5118	1	3095	3217	1481	223	347	275	ND
France	Données temps réel	22/11/2021	19:45	72565	72250	72100	403	619	7490	43202	9532	0	7150	0	851	3318	66						200	25	178	0	2575	4916	1	3040	2932	1178	223	357	275	ND
France	Données temps réel	22/11/2021	20:00	71524	71200	71000	404	618	7422	43205	9484	0	6880	0	858	2653	66	-734	1900	-2399	-1793	5453	201	25	178	0	2574	4849	1	3025	3092	763	228	355	275	ND
France	Données temps réel	22/11/2021	20:15	70007	70000	69800	405	621	7383	43119	9530	0	6179	0	858	1912	66						202	25	178	0	2537	4846	1	2708	2496	975	225	357	275	ND
France	Données temps réel	22/11/2021	20:30	68981	68800	68600	404	615	7368	43108	9506	0	5266	0	853	1861	67	-734	1900	-2399	-1793	5453	201	25	178	0	2512	4856	1	2625	1772	869	222	357	275	ND
France	Données temps réel	22/11/2021	20:45	67979	67800	67600	405	617	7103	43064	9413	0	4445	0	841	2091	66						202	25	178	0	2511	4592	1	2528	1455	462	221	355	275	ND
France	Données temps réel	22/11/2021	21:00	66999	66800	66600	404	618	6969	43067	9367	0	4228	-24	843	1527	66	-415	99	-2303	-3053	7296	201	25	178	0	2509	4460	1	2536	1371	321	214	354	275	ND
France	Données temps réel	22/11/2021	21:15	66603	65900	65650	404	619	7182	43013	9154	0	4449	-56	843	995	67						201	25	178	0	2471	4711	1	2384	1441	624	214	355	275	ND
France	Données temps réel	22/11/2021	21:30	65018	65000	64700	203	617	6968	42903	9088	0	3711	-245	843	930	65	-415	99	-2303	-3053	7296	0	25	178	0	2469	4499	1	2338	1007	366	213	359	275	ND
France	Données temps réel	22/11/2021	21:45	64309	64250	63950	203	621	6868	42770	9001	0	3406	-540	839	1141	65						0	25	178	0	2468	4400	1	2282	788	336	212	358	275	ND
France	Données temps réel	22/11/2021	22:00	63901	63500	63200	205	609	7052	42869	8971	0	2235	-1274	847	2387	68	503	1030	-1806	-3182	7252	2	25	178	0	2472	4580	1	2208	22	5	218	355	275	ND
France	Données temps réel	22/11/2021	22:15	63792	63650	63300	204	556	6533	42777	8773	0	2053	-1364	845	3415	65						1	25	178	0	2472	4061	1	2043	5	5	212	357	275	ND
France	Données temps réel	22/11/2021	22:30		63800	63400												503	1030	-1806	-3182	7252														
France	Données temps réel	22/11/2021	22:45		64900	64500																														
France	Données temps réel	22/11/2021	23:00		66000	65600												1322	-117	609	-3155	5991														
France	Données temps réel	22/11/2021	23:15		65650	65200																														
France	Données temps réel	22/11/2021	23:30		65300	64800												1322	-117	609	-3155	5991														
France	Données temps réel	22/11/2021	23:45		64100	63850																														
RTE ne pourra être tenu responsable de l'usage qui pourrait être fait des données mises à disposition, ni en cas de prévisions qui se révèleraient imprécises.																																				
